(30.0, 118.0) = (5.16, -4.8)
(32.0, 118.0) = (5.16, -4.8)
(34.0, 118.0) = (5.16, -4.8)
(36.0, 118.0) = (5.16, -4.8)
(38.0, 118.0) = (5.16, -4.8)
(40.0, 118.0) = (5.16, -4.8)
(42.0, 118.0) = (5.16, -4.8)
(44.0, 118.0) = (5.16, -4.8)
(46.0, 118.0) = (5.16, -4.8)
(48.0, 118.0) = (5.16, -4.8)
(50.0, 118.0) = (2.33, -4.8)
(52.0, 118.0) = (-8.08, -4.8)
(54.0, 118.0) = (-6.86, -4.8)
(56.0, 118.0) = (-5.44, -4.8)
(58.0, 118.0) = (-4.45, -4.8)
(60.0, 118.0) = (-3.6, -4.8)
(62.0, 118.0) = (-2.53, -4.8)
(64.0, 118.0) = (-1.32, -4.8)
(66.0, 118.0) = (-0.91, -4.8)
(68.0, 118.0) = (-2.38, -4.8)
(70.0, 118.0) = (-3.27, -4.8)
(72.0, 118.0) = (-1.82, -4.8)
(74.0, 118.0) = (1.27, -4.8)
(76.0, 118.0) = (4.89, -4.8)
(78.0, 118.0) = (7.13, -4.8)
(80.0, 118.0) = (6.6, -4.8)
(82.0, 118.0) = (4.9, -4.8)
(84.0, 118.0) = (6.88, -4.8)
(86.0, 118.0) = (7.47, -4.8)
(30.0, 120.0) = (5.16, -3.37)
(32.0, 120.0) = (5.16, -3.37)
(34.0, 120.0) = (5.16, -3.37)
(36.0, 120.0) = (5.16, -3.37)
(38.0, 120.0) = (5.16, -3.37)
(40.0, 120.0) = (5.16, -3.37)
(42.0, 120.0) = (5.16, -3.37)
(44.0, 120.0) = (5.16, -3.37)
(46.0, 120.0) = (5.16, -3.37)
(48.0, 120.0) = (5.16, -3.37)
(50.0, 120.0) = (2.33, -3.37)
(52.0, 120.0) = (-8.08, -3.37)
(54.0, 120.0) = (-6.86, -3.37)
(56.0, 120.0) = (-5.44, -3.37)
(58.0, 120.0) = (-4.45, -3.37)
(60.0, 120.0) = (-3.6, -3.37)
(62.0, 120.0) = (-2.53, -3.37)
(64.0, 120.0) = (-1.32, -3.37)
(66.0, 120.0) = (-0.91, -3.37)
(68.0, 120.0) = (-2.38, -3.37)
(70.0, 120.0) = (-3.27, -3.37)
(72.0, 120.0) = (-1.82, -3.37)
(74.0, 120.0) = (1.27, -3.37)
(76.0, 120.0) = (4.89, -3.37)
(78.0, 120.0) = (7.13, -3.37)
(80.0, 120.0) = (6.6, -3.37)
(82.0, 120.0) = (4.9, -3.37)
(84.0, 120.0) = (6.88, -3.37)
(86.0, 120.0) = (7.47, -3.37)
(30.0, 122.0) = (5.16, -2.11)
(32.0, 122.0) = (5.16, -2.11)
(34.0, 122.0) = (5.16, -2.11)
(36.0, 122.0) = (5.16, -2.11)
(38.0, 122.0) = (5.16, -2.11)
(40.0, 122.0) = (5.16, -2.11)
(42.0, 122.0) = (5.16, -2.11)
(44.0, 122.0) = (5.16, -2.11)
(46.0, 122.0) = (5.16, -2.11)
(48.0, 122.0) = (5.16, -2.11)
(50.0, 122.0) = (2.33, -2.11)
(52.0, 122.0) = (-8.08, -2.11)
(54.0, 122.0) = (-6.86, -2.11)
(56.0, 122.0) = (-5.44, -2.11)
(58.0, 122.0) = (-4.45, -2.11)
(60.0, 122.0) = (-3.6, -2.11)
(62.0, 122.0) = (-2.53, -2.11)
(64.0, 122.0) = (-1.32, -2.11)
(66.0, 122.0) = (-0.91, -2.11)
(68.0, 122.0) = (-2.38, -2.11)
(70.0, 122.0) = (-3.27, -2.11)
(72.0, 122.0) = (-1.82, -2.11)
(74.0, 122.0) = (1.27, -2.11)
(76.0, 122.0) = (4.89, -2.11)
(78.0, 122.0) = (7.13, -2.11)
(80.0, 122.0) = (6.6, -2.11)
(82.0, 122.0) = (4.9, -2.11)
(84.0, 122.0) = (6.88, -2.11)
(86.0, 122.0) = (7.47, -2.11)
(30.0, 124.0) = (5.16, -1.26)
(32.0, 124.0) = (5.16, -1.26)
(34.0, 124.0) = (5.16, -1.26)
(36.0, 124.0) = (5.16, -1.26)
(38.0, 124.0) = (5.16, -1.26)
(40.0, 124.0) = (5.16, -1.26)
(42.0, 124.0) = (5.16, -1.26)
(44.0, 124.0) = (5.16, -1.26)
(46.0, 124.0) = (5.16, -1.26)
(48.0, 124.0) = (5.16, -1.26)
(50.0, 124.0) = (2.33, -1.26)
(52.0, 124.0) = (-8.08, -1.26)
(54.0, 124.0) = (-6.86, -1.26)
(56.0, 124.0) = (-5.44, -1.26)
(58.0, 124.0) = (-4.45, -1.26)
(60.0, 124.0) = (-3.6, -1.26)
(62.0, 124.0) = (-2.53, -1.26)
(64.0, 124.0) = (-1.32, -1.26)
(66.0, 124.0) = (-0.91, -1.26)
(68.0, 124.0) = (-2.38, -1.26)
(70.0, 124.0) = (-3.27, -1.26)
(72.0, 124.0) = (-1.82, -1.26)
(74.0, 124.0) = (1.27, -1.26)
(76.0, 124.0) = (4.89, -1.26)
(78.0, 124.0) = (7.13, -1.26)
(80.0, 124.0) = (6.6, -1.26)
(82.0, 124.0) = (4.9, -1.26)
(84.0, 124.0) = (6.88, -1.26)
(86.0, 124.0) = (7.47, -1.26)
(30.0, 126.0) = (5.16, -0.8)
(32.0, 126.0) = (5.16, -0.8)
(34.0, 126.0) = (5.16, -0.8)
(36.0, 126.0) = (5.16, -0.8)
(38.0, 126.0) = (5.16, -0.8)
(40.0, 126.0) = (5.16, -0.8)
(42.0, 126.0) = (5.16, -0.8)
(44.0, 126.0) = (5.16, -0.8)
(46.0, 126.0) = (5.16, -0.8)
(48.0, 126.0) = (5.16, -0.8)
(50.0, 126.0) = (2.33, -0.8)
(52.0, 126.0) = (-8.08, -0.8)
(54.0, 126.0) = (-6.86, -0.8)
(56.0, 126.0) = (-5.44, -0.8)
(58.0, 126.0) = (-4.45, -0.8)
(60.0, 126.0) = (-3.6, -0.8)
(62.0, 126.0) = (-2.53, -0.8)
(64.0, 126.0) = (-1.32, -0.8)
(66.0, 126.0) = (-0.91, -0.8)
(68.0, 126.0) = (-2.38, -0.8)
(70.0, 126.0) = (-3.27, -0.8)
(72.0, 126.0) = (-1.82, -0.8)
(74.0, 126.0) = (1.27, -0.8)
(76.0, 126.0) = (4.89, -0.8)
(78.0, 126.0) = (7.13, -0.8)
(80.0, 126.0) = (6.6, -0.8)
(82.0, 126.0) = (4.9, -0.8)
(84.0, 126.0) = (6.88, -0.8)
(86.0, 126.0) = (7.47, -0.8)
(30.0, 128.0) = (5.16, -0.5)
(32.0, 128.0) = (5.16, -0.5)
(34.0, 128.0) = (5.16, -0.5)
(36.0, 128.0) = (5.16, -0.5)
(38.0, 128.0) = (5.16, -0.5)
(40.0, 128.0) = (5.16, -0.5)
(42.0, 128.0) = (5.16, -0.5)
(44.0, 128.0) = (5.16, -0.5)
(46.0, 128.0) = (5.16, -0.5)
(48.0, 128.0) = (5.16, -0.5)
(50.0, 128.0) = (2.33, -0.5)
(52.0, 128.0) = (-8.08, -0.5)
(54.0, 128.0) = (-6.86, -0.5)
(56.0, 128.0) = (-5.44, -0.5)
(58.0, 128.0) = (-4.45, -0.5)
(60.0, 128.0) = (-3.6, -0.5)
(62.0, 128.0) = (-2.53, -0.5)
(64.0, 128.0) = (-1.32, -0.5)
(66.0, 128.0) = (-0.91, -0.5)
(68.0, 128.0) = (-2.38, -0.5)
(70.0, 128.0) = (-3.27, -0.5)
(72.0, 128.0) = (-1.82, -0.5)
(74.0, 128.0) = (1.27, -0.5)
(76.0, 128.0) = (4.89, -0.5)
(78.0, 128.0) = (7.13, -0.5)
(80.0, 128.0) = (6.6, -0.5)
(82.0, 128.0) = (4.9, -0.5)
(84.0, 128.0) = (6.88, -0.5)
(86.0, 128.0) = (7.47, -0.5)
(30.0, 130.0) = (5.16, -0.19)
(32.0, 130.0) = (5.16, -0.19)
(34.0, 130.0) = (5.16, -0.19)
(36.0, 130.0) = (5.16, -0.19)
(38.0, 130.0) = (5.16, -0.19)
(40.0, 130.0) = (5.16, -0.19)
(42.0, 130.0) = (5.16, -0.19)
(44.0, 130.0) = (5.16, -0.19)
(46.0, 130.0) = (5.16, -0.19)
(48.0, 130.0) = (5.16, -0.19)
(50.0, 130.0) = (2.33, -0.19)
(52.0, 130.0) = (-8.08, -0.19)
(54.0, 130.0) = (-6.86, -0.19)
(56.0, 130.0) = (-5.44, -0.19)
(58.0, 130.0) = (-4.45, -0.19)
(60.0, 130.0) = (-3.6, -0.19)
(62.0, 130.0) = (-2.53, -0.19)
(64.0, 130.0) = (-1.32, -0.19)
(66.0, 130.0) = (-0.91, -0.19)
(68.0, 130.0) = (-2.38, -0.19)
(70.0, 130.0) = (-3.27, -0.19)
(72.0, 130.0) = (-1.82, -0.19)
(74.0, 130.0) = (1.27, -0.19)
(76.0, 130.0) = (4.89, -0.19)
(78.0, 130.0) = (7.13, -0.19)
(80.0, 130.0) = (6.6, -0.19)
(82.0, 130.0) = (4.9, -0.19)
(84.0, 130.0) = (6.88, -0.19)
(86.0, 130.0) = (7.47, -0.19)
(30.0, 132.0) = (5.16, 0.15)
(32.0, 132.0) = (5.16, 0.15)
(34.0, 132.0) = (5.16, 0.15)
(36.0, 132.0) = (5.16, 0.15)
(38.0, 132.0) = (5.16, 0.15)
(40.0, 132.0) = (5.16, 0.15)
(42.0, 132.0) = (5.16, 0.15)
(44.0, 132.0) = (5.16, 0.15)
(46.0, 132.0) = (5.16, 0.15)
(48.0, 132.0) = (5.16, 0.15)
(50.0, 132.0) = (2.33, 0.15)
(52.0, 132.0) = (-8.08, 0.15)
(54.0, 132.0) = (-6.86, 0.15)
(56.0, 132.0) = (-5.44, 0.15)
(58.0, 132.0) = (-4.45, 0.15)
(60.0, 132.0) = (-3.6, 0.15)
(62.0, 132.0) = (-2.53, 0.15)
(64.0, 132.0) = (-1.32, 0.15)
(66.0, 132.0) = (-0.91, 0.15)
(68.0, 132.0) = (-2.38, 0.15)
(70.0, 132.0) = (-3.27, 0.15)
(72.0, 132.0) = (-1.82, 0.15)
(74.0, 132.0) = (1.27, 0.15)
(76.0, 132.0) = (4.89, 0.15)
(78.0, 132.0) = (7.13, 0.15)
(80.0, 132.0) = (6.6, 0.15)
(82.0, 132.0) = (4.9, 0.15)
(84.0, 132.0) = (6.88, 0.15)
(86.0, 132.0) = (7.47, 0.15)
(30.0, 134.0) = (5.16, 0.4)
(32.0, 134.0) = (5.16, 0.4)
(34.0, 134.0) = (5.16, 0.4)
(36.0, 134.0) = (5.16, 0.4)
(38.0, 134.0) = (5.16, 0.4)
(40.0, 134.0) = (5.16, 0.4)
(42.0, 134.0) = (5.16, 0.4)
(44.0, 134.0) = (5.16, 0.4)
(46.0, 134.0) = (5.16, 0.4)
(48.0, 134.0) = (5.16, 0.4)
(50.0, 134.0) = (2.33, 0.4)
(52.0, 134.0) = (-8.08, 0.4)
(54.0, 134.0) = (-6.86, 0.4)
(56.0, 134.0) = (-5.44, 0.4)
(58.0, 134.0) = (-4.45, 0.4)
(60.0, 134.0) = (-3.6, 0.4)
(62.0, 134.0) = (-2.53, 0.4)
(64.0, 134.0) = (-1.32, 0.4)
(66.0, 134.0) = (-0.91, 0.4)
(68.0, 134.0) = (-2.38, 0.4)
(70.0, 134.0) = (-3.27, 0.4)
(72.0, 134.0) = (-1.82, 0.4)
(74.0, 134.0) = (1.27, 0.4)
(76.0, 134.0) = (4.89, 0.4)
(78.0, 134.0) = (7.13, 0.4)
(80.0, 134.0) = (6.6, 0.4)
(82.0, 134.0) = (4.9, 0.4)
(84.0, 134.0) = (6.88, 0.4)
(86.0, 134.0) = (7.47, 0.4)
(30.0, 136.0) = (5.16, 0.38)
(32.0, 136.0) = (5.16, 0.38)
(34.0, 136.0) = (5.16, 0.38)
(36.0, 136.0) = (5.16, 0.38)
(38.0, 136.0) = (5.16, 0.38)
(40.0, 136.0) = (5.16, 0.38)
(42.0, 136.0) = (5.16, 0.38)
(44.0, 136.0) = (5.16, 0.38)
(46.0, 136.0) = (5.16, 0.38)
(48.0, 136.0) = (5.16, 0.38)
(50.0, 136.0) = (2.33, 0.38)
(52.0, 136.0) = (-8.08, 0.38)
(54.0, 136.0) = (-6.86, 0.38)
(56.0, 136.0) = (-5.44, 0.38)
(58.0, 136.0) = (-4.45, 0.38)
(60.0, 136.0) = (-3.6, 0.38)
(62.0, 136.0) = (-2.53, 0.38)
(64.0, 136.0) = (-1.32, 0.38)
(66.0, 136.0) = (-0.91, 0.38)
(68.0, 136.0) = (-2.38, 0.38)
(70.0, 136.0) = (-3.27, 0.38)
(72.0, 136.0) = (-1.82, 0.38)
(74.0, 136.0) = (1.27, 0.38)
(76.0, 136.0) = (4.89, 0.38)
(78.0, 136.0) = (7.13, 0.38)
(80.0, 136.0) = (6.6, 0.38)
(82.0, 136.0) = (4.9, 0.38)
(84.0, 136.0) = (6.88, 0.38)
(86.0, 136.0) = (7.47, 0.38)
